 &plot nbnd=  10, nks=   301 /
            0.000000  0.000000  0.000000
   -5.758    6.206    6.206    6.206    8.767    8.767    8.767    9.565   13.930   13.930
            0.000000  0.033333  0.000000
   -5.753    6.172    6.185    6.185    8.755    8.794    8.794    9.598   13.890   13.935
            0.000000  0.066667  0.000000
   -5.739    6.076    6.124    6.124    8.719    8.873    8.873    9.693   13.775   13.951
            0.000000  0.100000  0.000000
   -5.714    5.925    6.030    6.030    8.662    8.997    8.997    9.836   13.602   13.978
            0.000000  0.133333  0.000000
   -5.680    5.734    5.911    5.911    8.586    9.158    9.158   10.013   13.392   14.016
            0.000000  0.166667  0.000000
   -5.637    5.511    5.775    5.775    8.493    9.347    9.347   10.206   13.166   14.064
            0.000000  0.200000  0.000000
   -5.583    5.266    5.629    5.629    8.389    9.559    9.559   10.393   12.951   14.124
            0.000000  0.233333  0.000000
   -5.520    5.006    5.476    5.476    8.276    9.788    9.788   10.547   12.777   14.194
            0.000000  0.266667  0.000000
   -5.448    4.733    5.321    5.321    8.156   10.032   10.032   10.631   12.681   14.274
            0.000000  0.300000  0.000000
   -5.366    4.453    5.165    5.165    8.033   10.287   10.287   10.618   12.695   14.366
            0.000000  0.333333  0.000000
   -5.274    4.166    5.012    5.012    7.910   10.506   10.551   10.551   12.820   14.468
            0.000000  0.366667  0.000000
   -5.173    3.875    4.862    4.862    7.787   10.322   10.822   10.822   13.031   14.581
            0.000000  0.400000  0.000000
   -5.063    3.580    4.717    4.717    7.667   10.095   11.100   11.100   13.299   14.705
            0.000000  0.433333  0.000000
   -4.943    3.284    4.576    4.576    7.551    9.848   11.383   11.383   13.602   14.839
            0.000000  0.466667  0.000000
   -4.814    2.986    4.442    4.442    7.440    9.594   11.671   11.671   13.928   14.984
            0.000000  0.500000  0.000000
   -4.676    2.686    4.315    4.315    7.336    9.340   11.963   11.963   14.268   15.140
            0.000000  0.533333  0.000000
   -4.529    2.387    4.194    4.194    7.238    9.091   12.258   12.258   14.617   15.306
            0.000000  0.566667  0.000000
   -4.374    2.087    4.081    4.081    7.149    8.851   12.557   12.557   14.972   15.483
            0.000000  0.600000  0.000000
   -4.209    1.788    3.975    3.975    7.067    8.621   12.858   12.858   15.330   15.670
            0.000000  0.633333  0.000000
   -4.036    1.489    3.877    3.877    6.995    8.404   13.162   13.162   15.689   15.868
            0.000000  0.666667  0.000000
   -3.854    1.192    3.787    3.787    6.933    8.199   13.469   13.469   16.047   16.077
            0.000000  0.700000  0.000000
   -3.664    0.897    3.705    3.705    6.880    8.007   13.778   13.778   16.296   16.402
            0.000000  0.733333  0.000000
   -3.466    0.603    3.631    3.631    6.838    7.830   14.089   14.089   16.526   16.754
            0.000000  0.766667  0.000000
   -3.260    0.313    3.566    3.566    6.807    7.667   14.402   14.402   16.766   17.101
            0.000000  0.800000  0.000000
   -3.046    0.025    3.510    3.510    6.786    7.517   14.716   14.716   17.016   17.441
            0.000000  0.833333  0.000000
   -2.825   -0.259    3.462    3.462    6.778    7.382   15.031   15.031   17.277   17.774
            0.000000  0.866667  0.000000
   -2.596   -0.540    3.422    3.422    6.781    7.262   15.344   15.344   17.548   18.098
            0.000000  0.900000  0.000000
   -2.360   -0.816    3.392    3.392    6.796    7.155   15.653   15.653   17.829   17.854
            0.000000  0.933333  0.000000
   -2.118   -1.087    3.370    3.370    6.823    7.062   15.946   15.946   17.554   17.554
            0.000000  0.966667  0.000000
   -1.869   -1.353    3.357    3.357    6.863    6.982   16.195   16.195   17.301   17.301
            0.000000  1.000000  0.000000
   -1.614   -1.614    3.352    3.352    6.916    6.916   16.309   16.309   17.186   17.186
            0.000000  1.000000  0.016667
   -1.614   -1.614    3.348    3.348    6.923    6.923   16.298   16.298   17.168   17.168
           -0.000000  1.000000  0.033333
   -1.613   -1.613    3.337    3.337    6.943    6.943   16.265   16.265   17.122   17.122
            0.000000  1.000000  0.050000
   -1.610   -1.610    3.319    3.319    6.977    6.977   16.206   16.206   17.060   17.060
            0.000000  1.000000  0.066667
   -1.608   -1.608    3.294    3.294    7.023    7.023   16.118   16.118   16.996   16.996
            0.000000  1.000000  0.083333
   -1.604   -1.604    3.264    3.264    7.081    7.081   16.001   16.001   16.939   16.939
            0.000000  1.000000  0.100000
   -1.600   -1.600    3.228    3.228    7.151    7.151   15.858   15.858   16.894   16.894
            0.000000  1.000000  0.116667
   -1.595   -1.595    3.187    3.187    7.232    7.232   15.693   15.693   16.861   16.861
            0.000000  1.000000  0.133333
   -1.589   -1.589    3.143    3.143    7.322    7.322   15.512   15.512   16.836   16.836
            0.000000  1.000000  0.150000
   -1.583   -1.583    3.095    3.095    7.422    7.422   15.319   15.319   16.818   16.818
            0.000000  1.000000  0.166667
   -1.576   -1.576    3.046    3.046    7.530    7.530   15.118   15.118   16.806   16.806
            0.000000  1.000000  0.183333
   -1.569   -1.569    2.995    2.995    7.646    7.646   14.910   14.910   16.796   16.796
            0.000000  1.000000  0.200000
   -1.561   -1.561    2.943    2.943    7.769    7.769   14.699   14.699   16.790   16.790
           -0.000000  1.000000  0.216667
   -1.553   -1.553    2.891    2.891    7.899    7.899   14.485   14.485   16.785   16.785
            0.000000  1.000000  0.233333
   -1.545   -1.545    2.839    2.839    8.035    8.035   14.269   14.269   16.782   16.782
            0.000000  1.000000  0.250000
   -1.536   -1.536    2.788    2.788    8.177    8.177   14.052   14.052   16.780   16.780
            0.000000  1.000000  0.266667
   -1.528   -1.528    2.738    2.738    8.324    8.324   13.835   13.835   16.779   16.779
            0.000000  1.000000  0.283333
   -1.519   -1.519    2.690    2.690    8.476    8.476   13.617   13.617   16.778   16.778
            0.000000  1.000000  0.300000
   -1.511   -1.511    2.644    2.644    8.632    8.632   13.401   13.401   16.778   16.778
            0.000000  1.000000  0.316667
   -1.502   -1.502    2.601    2.601    8.792    8.792   13.185   13.185   16.778   16.778
            0.000000  1.000000  0.333333
   -1.494   -1.494    2.560    2.560    8.956    8.956   12.970   12.970   16.778   16.778
            0.000000  1.000000  0.350000
   -1.487   -1.487    2.522    2.522    9.123    9.123   12.757   12.757   16.779   16.779
            0.000000  1.000000  0.366667
   -1.480   -1.480    2.488    2.488    9.293    9.293   12.546   12.546   16.779   16.779
            0.000000  1.000000  0.383333
   -1.473   -1.473    2.457    2.457    9.465    9.465   12.338   12.338   16.780   16.780
            0.000000  1.000000  0.400000
   -1.467   -1.467    2.429    2.429    9.639    9.639   12.133   12.133   16.781   16.781
            0.000000  1.000000  0.416667
   -1.462   -1.462    2.406    2.406    9.813    9.813   11.932   11.932   16.781   16.781
            0.000000  1.000000  0.433333
   -1.458   -1.458    2.387    2.387    9.986    9.986   11.738   11.738   16.782   16.782
            0.000000  1.000000  0.450000
   -1.455   -1.455    2.372    2.372   10.153   10.153   11.554   11.554   16.782   16.782
           -0.000000  1.000000  0.466667
   -1.452   -1.452    2.361    2.361   10.307   10.307   11.388   11.388   16.783   16.783
           -0.000000  1.000000  0.483333
   -1.451   -1.451    2.354    2.354   10.428   10.428   11.260   11.260   16.783   16.783
            0.000000  1.000000  0.500000
   -1.450   -1.450    2.352    2.352   10.478   10.478   11.208   11.208   16.783   16.783
            0.000000  0.991667  0.508333
   -1.488   -1.413    2.323    2.383   10.424   10.502   11.202   11.245   16.711   16.850
            0.000000  0.983333  0.516667
   -1.524   -1.378    2.296    2.417   10.329   10.519   11.241   11.293   16.637   16.909
            0.000000  0.975000  0.525000
   -1.560   -1.345    2.269    2.454   10.208   10.528   11.309   11.349   16.560   16.960
            0.000000  0.966667  0.533333
   -1.594   -1.314    2.243    2.495   10.073   10.531   11.394   11.413   16.481   16.999
            0.000000  0.958333  0.541667
   -1.626   -1.285    2.218    2.539    9.931   10.529   11.484   11.489   16.400   17.026
            0.000000  0.950000  0.550000
   -1.658   -1.258    2.194    2.587    9.785   10.524   11.560   11.591   16.316   17.038
            0.000000  0.941667  0.558333
   -1.688   -1.233    2.171    2.637    9.639   10.517   11.641   11.697   16.232   17.034
            0.000000  0.933333  0.566667
   -1.717   -1.210    2.148    2.690    9.493   10.508   11.725   11.807   16.145   17.013
            0.000000  0.925000  0.575000
   -1.744   -1.189    2.127    2.745    9.348   10.497   11.811   11.920   16.057   16.976
            0.000000  0.916667  0.583333
   -1.771   -1.169    2.106    2.803    9.204   10.486   11.901   12.034   15.967   16.923
            0.000000  0.908333  0.591667
   -1.796   -1.152    2.087    2.863    9.063   10.474   11.992   12.151   15.877   16.857
            0.000000  0.900000  0.600000
   -1.819   -1.135    2.068    2.924    8.924   10.462   12.085   12.269   15.785   16.779
            0.000000  0.891667  0.608333
   -1.842   -1.121    2.050    2.987    8.789   10.450   12.180   12.389   15.692   16.690
            0.000000  0.883333  0.616667
   -1.863   -1.107    2.034    3.051    8.657   10.438   12.275   12.510   15.598   16.593
            0.000000  0.875000  0.625000
   -1.883   -1.096    2.018    3.115    8.528   10.427   12.372   12.632   15.503   16.489
            0.000000  0.866667  0.633333
   -1.902   -1.085    2.003    3.180    8.404   10.416   12.470   12.755   15.407   16.379
            0.000000  0.858333  0.641667
   -1.919   -1.075    1.989    3.244    8.284   10.406   12.568   12.880   15.311   16.265
            0.000000  0.850000  0.650000
   -1.935   -1.067    1.977    3.308    8.170   10.396   12.667   13.005   15.214   16.147
            0.000000  0.841667  0.658333
   -1.950   -1.059    1.965    3.371    8.060   10.387   12.767   13.131   15.116   16.025
            0.000000  0.833333  0.666667
   -1.964   -1.052    1.954    3.431    7.958   10.378   12.866   13.258   15.019   15.901
            0.000000  0.825000  0.675000
   -1.976   -1.047    1.944    3.489    7.861   10.370   12.965   13.386   14.921   15.775
            0.000000  0.816667  0.683333
   -1.987   -1.042    1.936    3.544    7.773   10.363   13.064   13.514   14.823   15.647
            0.000000  0.808333  0.691667
   -1.996   -1.037    1.928    3.594    7.692   10.357   13.163   13.643   14.726   15.519
            0.000000  0.800000  0.700000
   -2.005   -1.034    1.921    3.640    7.620   10.351   13.260   13.772   14.631   15.389
            0.000000  0.791667  0.708333
   -2.012   -1.031    1.916    3.681    7.558   10.347   13.354   13.901   14.537   15.260
            0.000000  0.783333  0.716667
   -2.018   -1.028    1.911    3.715    7.506   10.343   13.445   14.029   14.447   15.131
            0.000000  0.775000  0.725000
   -2.022   -1.026    1.907    3.743    7.464   10.340   13.529   14.156   14.364   15.004
            0.000000  0.766667  0.733333
   -2.025   -1.025    1.905    3.763    7.434   10.338   13.602   14.278   14.292   14.882
            0.000000  0.758333  0.741667
   -2.027   -1.024    1.903    3.775    7.416   10.336   13.654   14.240   14.385   14.774
            0.000000  0.750000  0.750000
   -2.028   -1.024    1.903    3.779    7.410   10.336   13.673   14.221   14.438   14.721
            0.000000  0.725000  0.725000
   -2.149   -0.901    1.832    3.866    7.510   10.843   13.367   13.909   14.192   14.456
            0.000000  0.700000  0.700000
   -2.287   -0.766    1.793    3.959    7.618   11.355   13.068   13.616   13.950   14.201
            0.000000  0.675000  0.675000
   -2.440   -0.619    1.787    4.058    7.733   11.854   12.777   13.355   13.715   13.958
            0.000000  0.650000  0.650000
   -2.606   -0.461    1.811    4.164    7.855   12.276   12.494   13.191   13.486   13.727
            0.000000  0.625000  0.625000
   -2.782   -0.292    1.863    4.274    7.982   12.220   12.408   13.266   13.333   13.509
            0.000000  0.600000  0.600000
   -2.965   -0.111    1.939    4.389    8.114   11.955   12.258   13.057   13.306   13.770
            0.000000  0.575000  0.575000
   -3.152    0.081    2.039    4.508    8.249   11.700   12.036   12.859   13.118   14.288
            0.000000  0.550000  0.550000
   -3.341    0.284    2.159    4.629    8.386   11.455   11.801   12.675   12.947   14.822
            0.000000  0.525000  0.525000
   -3.529    0.498    2.297    4.753    8.522   11.219   11.568   12.505   12.793   15.346
            0.000000  0.500000  0.500000
   -3.715    0.723    2.452    4.877    8.655   10.994   11.341   12.352   12.658   15.842
            0.000000  0.475000  0.475000
   -3.897    0.958    2.621    5.001    8.783   10.779   11.122   12.218   12.543   16.280
            0.000000  0.450000  0.450000
   -4.074    1.205    2.804    5.124    8.901   10.575   10.912   12.105   12.449   16.625
            0.000000  0.425000  0.425000
   -4.245    1.461    2.999    5.244    9.007   10.381   10.711   12.015   12.377   16.844
            0.000000  0.400000  0.400000
   -4.409    1.728    3.204    5.360    9.098   10.198   10.519   11.948   12.328   16.930
            0.000000  0.375000  0.375000
   -4.566    2.004    3.418    5.470    9.169   10.026   10.337   11.904   12.303   16.453
            0.000000  0.350000  0.350000
   -4.715    2.290    3.640    5.575    9.221    9.864   10.165   11.880   12.303   15.930
            0.000000  0.325000  0.325000
   -4.854    2.586    3.869    5.672    9.252    9.714   10.001   11.869   12.328   15.435
            0.000000  0.300000  0.300000
   -4.985    2.889    4.102    5.761    9.265    9.574    9.847   11.857   12.378   14.978
            0.000000  0.275000  0.275000
   -5.106    3.201    4.339    5.841    9.262    9.446    9.702   11.827   12.454   14.573
            0.000000  0.250000  0.250000
   -5.218    3.520    4.576    5.913    9.246    9.328    9.566   11.754   12.553   14.241
            0.000000  0.225000  0.225000
   -5.319    3.845    4.812    5.975    9.220    9.222    9.439   11.617   12.676   13.999
            0.000000  0.200000  0.200000
   -5.411    4.174    5.044    6.029    9.127    9.187    9.319   11.405   12.818   13.852
            0.000000  0.175000  0.175000
   -5.492    4.505    5.269    6.074    9.042    9.149    9.209   11.130   12.978   13.787
            0.000000  0.150000  0.150000
   -5.562    4.834    5.482    6.112    8.969    9.107    9.108   10.817   13.151   13.778
            0.000000  0.125000  0.125000
   -5.622    5.158    5.679    6.142    8.908    9.014    9.061   10.494   13.330   13.800
            0.000000  0.100000  0.100000
   -5.671    5.467    5.854    6.166    8.857    8.933    9.006   10.186   13.507   13.836
            0.000000  0.075000  0.075000
   -5.709    5.749    6.000    6.184    8.818    8.864    8.941    9.920   13.670   13.872
            0.000000  0.050000  0.050000
   -5.736    5.985    6.112    6.196    8.790    8.812    8.865    9.721   13.806   13.903
            0.000000  0.025000  0.025000
   -5.753    6.147    6.182    6.203    8.773    8.779    8.796    9.603   13.897   13.923
            0.000000  0.000000  0.000000
   -5.758    6.206    6.206    6.206    8.767    8.767    8.767    9.565   13.930   13.930
            0.016667  0.016667  0.016667
   -5.754    6.162    6.199    6.199    8.776    8.776    8.779    9.591   13.917   13.917
            0.033333  0.033333  0.033333
   -5.743    6.037    6.181    6.181    8.804    8.804    8.806    9.670   13.879   13.879
            0.050000  0.050000  0.050000
   -5.725    5.848    6.150    6.150    8.827    8.848    8.848    9.807   13.820   13.820
            0.066667  0.066667  0.066667
   -5.700    5.613    6.110    6.110    8.829    8.907    8.907    9.998   13.745   13.745
            0.083333  0.083333  0.083333
   -5.667    5.346    6.062    6.062    8.812    8.979    8.979   10.230   13.661   13.661
            0.100000  0.100000  0.100000
   -5.627    5.059    6.007    6.007    8.778    9.060    9.060   10.491   13.574   13.574
            0.116667  0.116667  0.116667
   -5.580    4.759    5.948    5.948    8.732    9.147    9.147   10.770   13.489   13.489
            0.133333  0.133333  0.133333
   -5.526    4.451    5.885    5.885    8.678    9.237    9.237   11.060   13.411   13.411
            0.150000  0.150000  0.150000
   -5.465    4.138    5.820    5.820    8.618    9.328    9.328   11.357   13.346   13.346
            0.166667  0.166667  0.166667
   -5.397    3.823    5.755    5.755    8.555    9.415    9.415   11.657   13.296   13.296
            0.183333  0.183333  0.183333
   -5.322    3.508    5.690    5.690    8.490    9.496    9.496   11.957   13.267   13.267
            0.200000  0.200000  0.200000
   -5.241    3.195    5.626    5.626    8.424    9.568    9.568   12.256   13.261   13.261
            0.216667  0.216667  0.216667
   -5.153    2.885    5.563    5.563    8.359    9.629    9.629   12.552   13.281   13.281
            0.233333  0.233333  0.233333
   -5.059    2.578    5.503    5.503    8.295    9.676    9.676   12.842   13.329   13.329
            0.250000  0.250000  0.250000
   -4.959    2.277    5.445    5.445    8.233    9.711    9.711   13.124   13.406   13.406
            0.266667  0.266667  0.266667
   -4.853    1.980    5.391    5.391    8.173    9.732    9.732   13.391   13.512   13.512
            0.283333  0.283333  0.283333
   -4.741    1.691    5.339    5.339    8.116    9.740    9.740   13.636   13.646   13.646
            0.300000  0.300000  0.300000
   -4.625    1.408    5.291    5.291    8.063    9.739    9.739   13.806   13.806   13.842
            0.316667  0.316667  0.316667
   -4.505    1.134    5.246    5.246    8.013    9.728    9.728   13.990   13.990   13.992
            0.333333  0.333333  0.333333
   -4.382    0.869    5.205    5.205    7.967    9.712    9.712   14.077   14.196   14.196
            0.350000  0.350000  0.350000
   -4.255    0.615    5.167    5.167    7.925    9.691    9.691   14.107   14.421   14.421
            0.366667  0.366667  0.366667
   -4.128    0.372    5.134    5.134    7.887    9.668    9.668   14.103   14.665   14.665
            0.383333  0.383333  0.383333
   -4.002    0.144    5.104    5.104    7.853    9.644    9.644   14.081   14.924   14.924
            0.400000  0.400000  0.400000
   -3.879   -0.068    5.078    5.078    7.823    9.621    9.621   14.052   15.196   15.196
            0.416667  0.416667  0.416667
   -3.761   -0.261    5.056    5.056    7.798    9.600    9.600   14.022   15.481   15.481
            0.433333  0.433333  0.433333
   -3.654   -0.430    5.038    5.038    7.778    9.581    9.581   13.994   15.775   15.775
            0.450000  0.450000  0.450000
   -3.561   -0.570    5.024    5.024    7.762    9.566    9.566   13.971   16.073   16.073
            0.466667  0.466667  0.466667
   -3.489   -0.677    5.014    5.014    7.750    9.554    9.554   13.954   16.368   16.368
            0.483333  0.483333  0.483333
   -3.443   -0.744    5.008    5.008    7.743    9.548    9.548   13.944   16.630   16.630
            0.500000  0.500000  0.500000
   -3.427   -0.766    5.006    5.006    7.741    9.545    9.545   13.940   16.758   16.758
            0.491667  0.516667  0.491667
   -3.425   -0.765    4.989    5.003    7.758    9.542    9.552   13.948   16.688   16.737
            0.483333  0.533333  0.483333
   -3.420   -0.763    4.937    4.993    7.805    9.533    9.574   13.973   16.525   16.679
            0.475000  0.550000  0.475000
   -3.411   -0.758    4.855    4.976    7.879    9.520    9.609   14.013   16.323   16.598
            0.466667  0.566667  0.466667
   -3.398   -0.751    4.748    4.953    7.973    9.505    9.658   14.065   16.108   16.504
            0.458333  0.583333  0.458333
   -3.382   -0.743    4.621    4.924    8.077    9.493    9.720   14.125   15.891   16.402
            0.450000  0.600000  0.450000
   -3.362   -0.733    4.479    4.890    8.183    9.490    9.795   14.188   15.679   16.297
            0.441667  0.616667  0.441667
   -3.338   -0.721    4.327    4.851    8.281    9.504    9.881   14.245   15.481   16.190
            0.433333  0.633333  0.433333
   -3.311   -0.708    4.166    4.809    8.358    9.544    9.979   14.281   15.308   16.084
            0.425000  0.650000  0.425000
   -3.280   -0.694    4.000    4.763    8.408    9.618   10.088   14.274   15.177   15.979
            0.416667  0.666667  0.416667
   -3.246   -0.680    3.831    4.714    8.427    9.726   10.207   14.208   15.105   15.875
            0.408333  0.683333  0.408333
   -3.208   -0.664    3.661    4.663    8.419    9.866   10.335   14.082   15.084   15.773
            0.400000  0.700000  0.400000
   -3.166   -0.649    3.492    4.610    8.390   10.031   10.473   13.915   15.093   15.674
            0.391667  0.716667  0.391667
   -3.122   -0.634    3.324    4.556    8.346   10.214   10.618   13.726   15.111   15.577
            0.383333  0.733333  0.383333
   -3.073   -0.620    3.159    4.501    8.292   10.411   10.772   13.526   15.123   15.483
            0.375000  0.750000  0.375000
   -3.022   -0.607    2.999    4.446    8.232   10.618   10.932   13.322   15.125   15.391
            0.366667  0.766667  0.366667
   -2.967   -0.597    2.844    4.391    8.168   10.831   11.100   13.116   15.115   15.303
            0.358333  0.783333  0.358333
   -2.909   -0.589    2.696    4.337    8.102   11.048   11.273   12.913   15.093   15.218
            0.350000  0.800000  0.350000
   -2.848   -0.586    2.557    4.283    8.036   11.266   11.453   12.715   15.061   15.136
            0.341667  0.816667  0.341667
   -2.784   -0.587    2.426    4.231    7.970   11.478   11.638   12.529   15.020   15.058
            0.333333  0.833333  0.333333
   -2.717   -0.594    2.307    4.180    7.905   11.664   11.828   12.374   14.972   14.983
            0.325000  0.850000  0.325000
   -2.647   -0.609    2.200    4.130    7.842   11.765   12.022   12.310   14.913   14.919
            0.316667  0.866667  0.316667
   -2.575   -0.631    2.107    4.082    7.782   11.710   12.220   12.408   14.847   14.862
            0.308333  0.883333  0.308333
   -2.502   -0.662    2.029    4.036    7.724   11.565   12.421   12.601   14.787   14.801
            0.300000  0.900000  0.300000
   -2.427   -0.701    1.965    3.992    7.669   11.393   12.623   12.826   14.733   14.739
            0.291667  0.916667  0.291667
   -2.351   -0.748    1.918    3.951    7.617   11.214   12.825   13.062   14.676   14.686
            0.283333  0.933333  0.283333
   -2.276   -0.802    1.886    3.911    7.568   11.034   13.024   13.305   14.612   14.650
            0.275000  0.950000  0.275000
   -2.203   -0.861    1.870    3.874    7.523   10.855   13.216   13.551   14.549   14.628
            0.266667  0.966667  0.266667
   -2.134   -0.921    1.868    3.840    7.482   10.679   13.394   13.796   14.488   14.626
            0.258333  0.983333  0.258333
   -2.074   -0.977    1.879    3.808    7.444   10.505   13.550   14.035   14.436   14.654
            0.250000  1.000000  0.250000
   -2.028   -1.024    1.903    3.779    7.410   10.336   13.673   14.221   14.438   14.721
            0.241667  1.000000  0.258333
   -2.027   -1.024    1.903    3.775    7.416   10.336   13.654   14.240   14.385   14.774
            0.233333  1.000000  0.266667
   -2.025   -1.025    1.905    3.763    7.434   10.338   13.602   14.278   14.292   14.882
            0.225000  1.000000  0.275000
   -2.022   -1.026    1.907    3.743    7.464   10.340   13.529   14.156   14.364   15.004
            0.216667  1.000000  0.283333
   -2.018   -1.028    1.911    3.715    7.506   10.343   13.445   14.029   14.447   15.131
            0.208333  1.000000  0.291667
   -2.012   -1.031    1.916    3.681    7.558   10.347   13.354   13.901   14.537   15.260
            0.200000  1.000000  0.300000
   -2.005   -1.034    1.921    3.640    7.620   10.351   13.260   13.772   14.631   15.389
            0.191667  1.000000  0.308333
   -1.996   -1.037    1.928    3.594    7.692   10.357   13.163   13.643   14.726   15.519
            0.183333  1.000000  0.316667
   -1.987   -1.042    1.936    3.544    7.773   10.363   13.064   13.514   14.823   15.647
            0.175000  1.000000  0.325000
   -1.976   -1.047    1.944    3.489    7.861   10.370   12.965   13.386   14.921   15.775
            0.166667  1.000000  0.333333
   -1.964   -1.052    1.954    3.431    7.958   10.378   12.866   13.258   15.019   15.901
            0.158333  1.000000  0.341667
   -1.950   -1.059    1.965    3.371    8.060   10.387   12.767   13.131   15.116   16.025
            0.150000  1.000000  0.350000
   -1.935   -1.067    1.977    3.308    8.170   10.396   12.667   13.005   15.214   16.147
            0.141667  1.000000  0.358333
   -1.919   -1.075    1.989    3.244    8.284   10.406   12.568   12.880   15.311   16.265
            0.133333  1.000000  0.366667
   -1.902   -1.085    2.003    3.180    8.404   10.416   12.470   12.755   15.407   16.379
            0.125000  1.000000  0.375000
   -1.883   -1.096    2.018    3.115    8.528   10.427   12.372   12.632   15.503   16.489
            0.116667  1.000000  0.383333
   -1.863   -1.107    2.034    3.051    8.657   10.438   12.275   12.510   15.598   16.593
            0.108333  1.000000  0.391667
   -1.842   -1.121    2.050    2.987    8.789   10.450   12.180   12.389   15.692   16.690
            0.100000  1.000000  0.400000
   -1.819   -1.135    2.068    2.924    8.924   10.462   12.085   12.269   15.785   16.779
            0.091667  1.000000  0.408333
   -1.796   -1.152    2.087    2.863    9.063   10.474   11.992   12.151   15.877   16.857
            0.083333  1.000000  0.416667
   -1.771   -1.169    2.106    2.803    9.204   10.486   11.901   12.034   15.967   16.923
            0.075000  1.000000  0.425000
   -1.744   -1.189    2.127    2.745    9.348   10.497   11.811   11.920   16.057   16.976
            0.066667  1.000000  0.433333
   -1.717   -1.210    2.148    2.690    9.493   10.508   11.725   11.807   16.145   17.013
            0.058333  1.000000  0.441667
   -1.688   -1.233    2.171    2.637    9.639   10.517   11.641   11.697   16.232   17.034
            0.050000  1.000000  0.450000
   -1.658   -1.258    2.194    2.587    9.785   10.524   11.560   11.591   16.316   17.038
            0.041667  1.000000  0.458333
   -1.626   -1.285    2.218    2.539    9.931   10.529   11.484   11.489   16.400   17.026
            0.033333  1.000000  0.466667
   -1.594   -1.314    2.243    2.495   10.073   10.531   11.394   11.413   16.481   16.999
            0.025000  1.000000  0.475000
   -1.560   -1.345    2.269    2.454   10.208   10.528   11.309   11.349   16.560   16.960
            0.016667  1.000000  0.483333
   -1.524   -1.378    2.296    2.417   10.329   10.519   11.241   11.293   16.637   16.909
            0.008333  1.000000  0.491667
   -1.488   -1.413    2.323    2.383   10.424   10.502   11.202   11.245   16.711   16.850
            0.000000  1.000000  0.500000
   -1.450   -1.450    2.352    2.352   10.478   10.478   11.208   11.208   16.783   16.783
            0.016667  0.983333  0.500000
   -1.559   -1.343    2.275    2.438   10.386   10.540   11.141   11.315   16.568   16.963
            0.033333  0.966667  0.500000
   -1.668   -1.238    2.208    2.531   10.283   10.547   11.139   11.443   16.320   17.107
            0.050000  0.950000  0.500000
   -1.777   -1.136    2.152    2.631   10.177   10.495   11.206   11.583   16.045   17.217
            0.066667  0.933333  0.500000
   -1.885   -1.040    2.109    2.736   10.074   10.407   11.318   11.732   15.748   17.297
            0.083333  0.916667  0.500000
   -1.992   -0.950    2.080    2.847    9.974   10.304   11.455   11.888   15.435   17.350
            0.100000  0.900000  0.500000
   -2.096   -0.868    2.067    2.961    9.879   10.195   11.608   12.048   15.110   17.380
            0.116667  0.883333  0.500000
   -2.198   -0.795    2.071    3.079    9.790   10.085   11.771   12.212   14.778   17.389
            0.133333  0.866667  0.500000
   -2.296   -0.732    2.094    3.199    9.707    9.976   11.943   12.381   14.441   17.379
            0.150000  0.850000  0.500000
   -2.392   -0.681    2.135    3.320    9.632    9.869   12.123   12.552   14.102   17.351
            0.166667  0.833333  0.500000
   -2.484   -0.641    2.195    3.443    9.563    9.763   12.309   12.725   13.762   17.305
            0.183333  0.816667  0.500000
   -2.573   -0.611    2.274    3.566    9.502    9.661   12.501   12.901   13.425   17.241
            0.200000  0.800000  0.500000
   -2.658   -0.592    2.371    3.689    9.449    9.560   12.699   13.077   13.090   17.157
            0.216667  0.783333  0.500000
   -2.739   -0.582    2.484    3.810    9.404    9.463   12.759   12.903   13.254   17.053
            0.233333  0.766667  0.500000
   -2.816   -0.579    2.613    3.929    9.367    9.368   12.435   13.112   13.429   16.930
            0.250000  0.750000  0.500000
   -2.888   -0.583    2.754    4.046    9.272    9.339   12.117   13.326   13.601   16.790
            0.266667  0.733333  0.500000
   -2.957   -0.593    2.908    4.158    9.179    9.320   11.808   13.545   13.768   16.640
            0.283333  0.716667  0.500000
   -3.021   -0.605    3.072    4.267    9.085    9.309   11.510   13.770   13.926   16.486
            0.300000  0.700000  0.500000
   -3.080   -0.621    3.244    4.370    8.989    9.306   11.224   13.999   14.069   16.339
            0.316667  0.683333  0.500000
   -3.135   -0.638    3.423    4.467    8.891    9.310   10.953   14.190   14.233   16.210
            0.333333  0.666667  0.500000
   -3.185   -0.656    3.606    4.557    8.788    9.323   10.700   14.281   14.471   16.113
            0.350000  0.650000  0.500000
   -3.231   -0.674    3.793    4.641    8.679    9.341   10.468   14.332   14.714   16.061
            0.366667  0.633333  0.500000
   -3.272   -0.691    3.980    4.716    8.562    9.365   10.260   14.340   14.961   16.059
            0.383333  0.616667  0.500000
   -3.308   -0.707    4.166    4.783    8.437    9.393   10.080   14.308   15.211   16.107
            0.400000  0.600000  0.500000
   -3.340   -0.722    4.346    4.842    8.305    9.424    9.927   14.249   15.464   16.192
            0.416667  0.583333  0.500000
   -3.366   -0.735    4.517    4.892    8.170    9.454    9.803   14.176   15.719   16.303
            0.433333  0.566667  0.500000
   -3.388   -0.746    4.674    4.933    8.039    9.483    9.706   14.102   15.975   16.425
            0.450000  0.550000  0.500000
   -3.405   -0.755    4.809    4.965    7.921    9.509    9.634   14.036   16.227   16.546
            0.466667  0.533333  0.500000
   -3.417   -0.761    4.915    4.988    7.826    9.528    9.584   13.984   16.467   16.653
            0.483333  0.516667  0.500000
   -3.425   -0.765    4.983    5.002    7.763    9.541    9.555   13.951   16.668   16.730
            0.500000  0.500000  0.500000
   -3.427   -0.766    5.006    5.006    7.741    9.545    9.545   13.940   16.758   16.758
            0.483333  0.508333  0.508333
   -3.425   -0.765    4.989    5.003    7.758    9.542    9.552   13.948   16.688   16.737
            0.466667  0.516667  0.516667
   -3.420   -0.763    4.937    4.993    7.805    9.533    9.574   13.973   16.525   16.679
            0.450000  0.525000  0.525000
   -3.411   -0.758    4.855    4.976    7.879    9.520    9.609   14.013   16.323   16.598
            0.433333  0.533333  0.533333
   -3.398   -0.751    4.748    4.953    7.973    9.505    9.658   14.065   16.108   16.504
            0.416667  0.541667  0.541667
   -3.382   -0.743    4.621    4.924    8.077    9.493    9.720   14.125   15.891   16.402
            0.400000  0.550000  0.550000
   -3.362   -0.733    4.479    4.890    8.183    9.490    9.795   14.188   15.679   16.297
            0.383333  0.558333  0.558333
   -3.338   -0.721    4.327    4.851    8.281    9.504    9.881   14.245   15.481   16.190
            0.366667  0.566667  0.566667
   -3.311   -0.708    4.166    4.809    8.358    9.544    9.979   14.281   15.308   16.084
            0.350000  0.575000  0.575000
   -3.280   -0.694    4.000    4.763    8.408    9.618   10.088   14.274   15.177   15.979
            0.333333  0.583333  0.583333
   -3.246   -0.680    3.831    4.714    8.427    9.726   10.207   14.208   15.105   15.875
            0.316667  0.591667  0.591667
   -3.208   -0.664    3.661    4.663    8.419    9.866   10.335   14.082   15.084   15.773
            0.300000  0.600000  0.600000
   -3.166   -0.649    3.492    4.610    8.390   10.031   10.473   13.915   15.093   15.674
            0.283333  0.608333  0.608333
   -3.122   -0.634    3.324    4.556    8.346   10.214   10.618   13.726   15.111   15.577
            0.266667  0.616667  0.616667
   -3.073   -0.620    3.159    4.501    8.292   10.411   10.772   13.526   15.123   15.483
            0.250000  0.625000  0.625000
   -3.022   -0.607    2.999    4.446    8.232   10.618   10.932   13.322   15.125   15.391
            0.233333  0.633333  0.633333
   -2.967   -0.597    2.844    4.391    8.168   10.831   11.100   13.116   15.115   15.303
            0.216667  0.641667  0.641667
   -2.909   -0.589    2.696    4.337    8.102   11.048   11.273   12.913   15.093   15.218
            0.200000  0.650000  0.650000
   -2.848   -0.586    2.557    4.283    8.036   11.266   11.453   12.715   15.061   15.136
            0.183333  0.658333  0.658333
   -2.784   -0.587    2.426    4.231    7.970   11.478   11.638   12.529   15.020   15.058
            0.166667  0.666667  0.666667
   -2.717   -0.594    2.307    4.180    7.905   11.664   11.828   12.374   14.972   14.983
            0.150000  0.675000  0.675000
   -2.647   -0.609    2.200    4.130    7.842   11.765   12.022   12.310   14.913   14.919
            0.133333  0.683333  0.683333
   -2.575   -0.631    2.107    4.082    7.782   11.710   12.220   12.408   14.847   14.862
            0.116667  0.691667  0.691667
   -2.502   -0.662    2.029    4.036    7.724   11.565   12.421   12.601   14.787   14.801
            0.100000  0.700000  0.700000
   -2.427   -0.701    1.965    3.992    7.669   11.393   12.623   12.826   14.733   14.739
            0.083333  0.708333  0.708333
   -2.351   -0.748    1.918    3.951    7.617   11.214   12.825   13.062   14.676   14.686
            0.066667  0.716667  0.716667
   -2.276   -0.802    1.886    3.911    7.568   11.034   13.024   13.305   14.612   14.650
            0.050000  0.725000  0.725000
   -2.203   -0.861    1.870    3.874    7.523   10.855   13.216   13.551   14.549   14.628
            0.033333  0.733333  0.733333
   -2.134   -0.921    1.868    3.840    7.482   10.679   13.394   13.796   14.488   14.626
            0.016667  0.741667  0.741667
   -2.074   -0.977    1.879    3.808    7.444   10.505   13.550   14.035   14.436   14.654
            0.000000  0.750000  0.750000
   -2.028   -1.024    1.903    3.779    7.410   10.336   13.673   14.221   14.438   14.721
           -0.000000  0.758333  0.725000
   -2.064   -0.985    1.877    3.791    7.467   10.506   13.499   14.187   14.193   14.795
            0.000000  0.766667  0.700000
   -2.096   -0.947    1.860    3.772    7.571   10.679   13.240   13.857   14.240   14.963
            0.000000  0.775000  0.675000
   -2.126   -0.910    1.850    3.727    7.719   10.855   12.956   13.513   14.322   15.143
            0.000000  0.783333  0.650000
   -2.152   -0.875    1.848    3.662    7.906   11.029   12.669   13.168   14.416   15.328
           -0.000000  0.791667  0.625000
   -2.175   -0.841    1.854    3.581    8.125   11.193   12.395   12.826   14.514   15.514
            0.000000  0.800000  0.600000
   -2.195   -0.809    1.868    3.491    8.371   11.320   12.162   12.488   14.614   15.701
            0.000000  0.808333  0.575000
   -2.212   -0.780    1.889    3.397    8.639   11.338   12.045   12.156   14.715   15.887
            0.000000  0.816667  0.550000
   -2.225   -0.754    1.917    3.302    8.926   11.191   11.829   12.101   14.816   16.071
            0.000000  0.825000  0.525000
   -2.235   -0.733    1.953    3.211    9.225   10.952   11.511   12.257   14.915   16.251
            0.000000  0.833333  0.500000
   -2.242   -0.717    1.996    3.126    9.532   10.683   11.206   12.451   15.014   16.426
            0.000000  0.841667  0.475000
   -2.245   -0.707    2.045    3.049    9.832   10.405   10.926   12.662   15.111   16.595
            0.000000  0.850000  0.450000
   -2.245   -0.703    2.102    2.983   10.068   10.126   10.728   12.884   15.207   16.755
            0.000000  0.858333  0.425000
   -2.241   -0.707    2.164    2.929    9.850   10.059   10.790   13.113   15.302   16.905
            0.000000  0.866667  0.400000
   -2.233   -0.718    2.232    2.888    9.578    9.847   11.072   13.348   15.395   17.043
           -0.000000  0.875000  0.375000
   -2.222   -0.737    2.306    2.861    9.312    9.589   11.414   13.587   15.488   17.166
           -0.000000  0.883333  0.350000
   -2.207   -0.765    2.384    2.848    9.052    9.324   11.778   13.829   15.579   17.272
           -0.000000  0.891667  0.325000
   -2.188   -0.800    2.467    2.848    8.800    9.062   12.153   14.074   15.671   17.358
            0.000000  0.900000  0.300000
   -2.165   -0.843    2.553    2.862    8.557    8.807   12.536   14.320   15.763   17.421
            0.000000  0.908333  0.275000
   -2.139   -0.892    2.642    2.887    8.324    8.561   12.924   14.565   15.857   17.456
            0.000000  0.916667  0.250000
   -2.109   -0.946    2.733    2.923    8.102    8.325   13.316   14.809   15.954   17.462
            0.000000  0.925000  0.225000
   -2.075   -1.006    2.824    2.967    7.893    8.100   13.709   15.047   16.055   17.442
            0.000000  0.933333  0.200000
   -2.038   -1.069    2.914    3.018    7.698    7.889   14.103   15.277   16.164   17.401
            0.000000  0.941667  0.175000
   -1.996   -1.135    3.001    3.073    7.519    7.693   14.494   15.493   16.284   17.346
            0.000000  0.950000  0.150000
   -1.951   -1.204    3.083    3.131    7.359    7.513   14.878   15.689   16.420   17.284
            0.000000  0.958333  0.125000
   -1.903   -1.273    3.159    3.187    7.219    7.352   15.250   15.860   16.571   17.222
            0.000000  0.966667  0.100000
   -1.851   -1.343    3.225    3.240    7.102    7.213   15.597   16.004   16.735   17.169
           -0.000000  0.975000  0.075000
   -1.796   -1.413    3.279    3.286    7.011    7.097   15.903   16.122   16.901   17.134
            0.000000  0.983333  0.050000
   -1.738   -1.481    3.319    3.321    6.949    7.007   16.137   16.216   17.048   17.132
            0.000000  0.991667  0.025000
   -1.677   -1.549    3.344    3.344    6.917    6.947   16.271   16.282   17.150   17.162
            0.000000  1.000000  0.000000
   -1.614   -1.614    3.352    3.352    6.916    6.916   16.309   16.309   17.186   17.186
