 &plot nbnd=  10, nks=   301 /
            0.000000  0.000000  0.000000
   -6.848    5.901    5.901    5.901    6.036    8.482    8.482    8.482   12.497   15.324
            0.000000  0.033333  0.000000
   -6.843    5.636    5.878    5.878    6.300    8.467    8.511    8.511   12.523   15.237
            0.000000  0.066667  0.000000
   -6.830    5.313    5.811    5.811    6.618    8.421    8.596    8.596   12.599   15.013
            0.000000  0.100000  0.000000
   -6.807    4.988    5.708    5.708    6.935    8.349    8.729    8.729   12.722   14.718
            0.000000  0.133333  0.000000
   -6.776    4.663    5.580    5.580    7.246    8.256    8.900    8.900   12.887   14.392
            0.000000  0.166667  0.000000
   -6.735    4.339    5.433    5.433    7.549    8.146    9.101    9.101   13.089   14.062
            0.000000  0.200000  0.000000
   -6.686    4.016    5.275    5.275    7.839    8.025    9.325    9.325   13.322   13.741
            0.000000  0.233333  0.000000
   -6.627    3.694    5.111    5.111    7.896    8.110    9.566    9.566   13.443   13.582
            0.000000  0.266667  0.000000
   -6.560    3.375    4.944    4.944    7.764    8.356    9.821    9.821   13.178   13.865
            0.000000  0.300000  0.000000
   -6.484    3.056    4.778    4.778    7.632    8.568   10.087   10.087   12.957   14.168
            0.000000  0.333333  0.000000
   -6.399    2.740    4.615    4.615    7.500    8.734   10.361   10.361   12.794   14.488
            0.000000  0.366667  0.000000
   -6.306    2.426    4.455    4.455    7.373    8.845   10.642   10.642   12.701   14.821
            0.000000  0.400000  0.000000
   -6.203    2.114    4.300    4.300    7.250    8.893   10.929   10.929   12.683   15.167
            0.000000  0.433333  0.000000
   -6.092    1.803    4.150    4.150    7.134    8.879   11.220   11.220   12.743   15.522
            0.000000  0.466667  0.000000
   -5.973    1.495    4.008    4.008    7.024    8.809   11.515   11.515   12.872   15.883
            0.000000  0.500000  0.000000
   -5.845    1.190    3.872    3.872    6.923    8.697   11.812   11.812   13.058   16.249
            0.000000  0.533333  0.000000
   -5.708    0.887    3.743    3.743    6.830    8.555   12.111   12.111   13.290   16.615
            0.000000  0.566667  0.000000
   -5.564    0.586    3.623    3.623    6.746    8.394   12.412   12.412   13.554   16.793
            0.000000  0.600000  0.000000
   -5.411    0.288    3.510    3.510    6.672    8.223   12.713   12.713   13.842   16.971
            0.000000  0.633333  0.000000
   -5.250   -0.006    3.406    3.406    6.608    8.049   13.014   13.014   14.147   17.158
            0.000000  0.666667  0.000000
   -5.081   -0.298    3.310    3.310    6.554    7.876   13.314   13.314   14.463   17.356
            0.000000  0.700000  0.000000
   -4.904   -0.586    3.223    3.223    6.510    7.708   13.612   13.612   14.788   17.564
            0.000000  0.733333  0.000000
   -4.719   -0.871    3.145    3.145    6.478    7.546   13.906   13.906   15.117   17.782
            0.000000  0.766667  0.000000
   -4.527   -1.151    3.076    3.076    6.456    7.393   14.194   14.194   15.449   18.010
            0.000000  0.800000  0.000000
   -4.327   -1.428    3.016    3.016    6.446    7.250   14.473   14.473   15.781   18.248
            0.000000  0.833333  0.000000
   -4.121   -1.700    2.965    2.965    6.447    7.118   14.738   14.738   16.112   18.496
            0.000000  0.866667  0.000000
   -3.907   -1.967    2.923    2.923    6.460    6.997   14.983   14.983   16.439   18.536
            0.000000  0.900000  0.000000
   -3.686   -2.230    2.890    2.890    6.485    6.888   15.198   15.198   16.761   18.381
            0.000000  0.933333  0.000000
   -3.458   -2.487    2.867    2.867    6.522    6.790   15.369   15.369   17.076   18.177
            0.000000  0.966667  0.000000
   -3.225   -2.739    2.853    2.853    6.571    6.705   15.482   15.482   17.379   17.936
            0.000000  1.000000  0.000000
   -2.985   -2.985    2.848    2.848    6.632    6.632   15.521   15.521   17.668   17.668
            0.000000  1.000000  0.016667
   -2.984   -2.984    2.845    2.845    6.638    6.638   15.511   15.511   17.655   17.655
           -0.000000  1.000000  0.033333
   -2.984   -2.984    2.836    2.836    6.657    6.657   15.481   15.481   17.618   17.618
            0.000000  1.000000  0.050000
   -2.982   -2.982    2.820    2.820    6.689    6.689   15.431   15.431   17.563   17.563
            0.000000  1.000000  0.066667
   -2.981   -2.981    2.800    2.800    6.732    6.732   15.362   15.362   17.499   17.499
            0.000000  1.000000  0.083333
   -2.978   -2.978    2.774    2.774    6.788    6.788   15.272   15.272   17.432   17.432
            0.000000  1.000000  0.100000
   -2.976   -2.976    2.744    2.744    6.854    6.854   15.164   15.164   17.367   17.367
            0.000000  1.000000  0.116667
   -2.973   -2.973    2.709    2.709    6.931    6.931   15.037   15.037   17.307   17.307
            0.000000  1.000000  0.133333
   -2.969   -2.969    2.672    2.672    7.017    7.017   14.895   14.895   17.254   17.254
            0.000000  1.000000  0.150000
   -2.965   -2.965    2.632    2.632    7.113    7.113   14.738   14.738   17.208   17.208
            0.000000  1.000000  0.166667
   -2.961   -2.961    2.590    2.590    7.218    7.218   14.570   14.570   17.169   17.169
            0.000000  1.000000  0.183333
   -2.957   -2.957    2.546    2.546    7.330    7.330   14.391   14.391   17.137   17.137
            0.000000  1.000000  0.200000
   -2.952   -2.952    2.502    2.502    7.450    7.450   14.204   14.204   17.110   17.110
           -0.000000  1.000000  0.216667
   -2.947   -2.947    2.457    2.457    7.577    7.577   14.010   14.010   17.088   17.088
           -0.000000  1.000000  0.233333
   -2.942   -2.942    2.413    2.413    7.710    7.710   13.810   13.810   17.070   17.070
            0.000000  1.000000  0.250000
   -2.937   -2.937    2.370    2.370    7.849    7.849   13.607   13.607   17.056   17.056
            0.000000  1.000000  0.266667
   -2.932   -2.932    2.327    2.327    7.994    7.994   13.400   13.400   17.045   17.045
            0.000000  1.000000  0.283333
   -2.927   -2.927    2.286    2.286    8.144    8.144   13.191   13.191   17.036   17.036
            0.000000  1.000000  0.300000
   -2.922   -2.922    2.247    2.247    8.300    8.300   12.981   12.981   17.029   17.029
            0.000000  1.000000  0.316667
   -2.918   -2.918    2.210    2.210    8.459    8.459   12.769   12.769   17.024   17.024
            0.000000  1.000000  0.333333
   -2.913   -2.913    2.175    2.175    8.623    8.623   12.558   12.558   17.020   17.020
            0.000000  1.000000  0.350000
   -2.909   -2.909    2.143    2.143    8.791    8.791   12.346   12.346   17.017   17.017
            0.000000  1.000000  0.366667
   -2.905   -2.905    2.114    2.114    8.963    8.963   12.135   12.135   17.014   17.014
            0.000000  1.000000  0.383333
   -2.901   -2.901    2.087    2.087    9.138    9.138   11.925   11.925   17.013   17.013
            0.000000  1.000000  0.400000
   -2.897   -2.897    2.064    2.064    9.317    9.317   11.716   11.716   17.012   17.012
           -0.000000  1.000000  0.416667
   -2.895   -2.895    2.044    2.044    9.498    9.498   11.509   11.509   17.011   17.011
            0.000000  1.000000  0.433333
   -2.892   -2.892    2.028    2.028    9.681    9.681   11.305   11.305   17.011   17.011
            0.000000  1.000000  0.450000
   -2.890   -2.890    2.015    2.015    9.865    9.865   11.105   11.105   17.011   17.011
            0.000000  1.000000  0.466667
   -2.889   -2.889    2.006    2.006   10.046   10.046   10.912   10.912   17.010   17.010
            0.000000  1.000000  0.483333
   -2.888   -2.888    2.001    2.001   10.213   10.213   10.737   10.737   17.010   17.010
            0.000000  1.000000  0.500000
   -2.888   -2.888    1.999    1.999   10.303   10.303   10.645   10.645   17.010   17.010
            0.000000  0.991667  0.508333
   -2.925   -2.851    1.972    2.028   10.219   10.328   10.665   10.685   16.931   17.085
            0.000000  0.983333  0.516667
   -2.961   -2.815    1.945    2.059   10.083   10.336   10.741   10.745   16.847   17.155
            0.000000  0.975000  0.525000
   -2.995   -2.782    1.920    2.094    9.930   10.332   10.819   10.835   16.760   17.217
            0.000000  0.966667  0.533333
   -3.029   -2.750    1.895    2.132    9.773   10.322   10.902   10.936   16.670   17.270
            0.000000  0.958333  0.541667
   -3.061   -2.719    1.871    2.172    9.615   10.307   10.991   11.041   16.578   17.311
            0.000000  0.950000  0.550000
   -3.092   -2.690    1.848    2.215    9.458   10.291   11.083   11.149   16.482   17.337
            0.000000  0.941667  0.558333
   -3.122   -2.663    1.826    2.261    9.303   10.273   11.179   11.257   16.385   17.347
            0.000000  0.933333  0.566667
   -3.150   -2.637    1.804    2.309    9.150   10.255   11.277   11.366   16.286   17.338
            0.000000  0.925000  0.575000
   -3.177   -2.613    1.784    2.359    8.999   10.238   11.376   11.476   16.184   17.311
            0.000000  0.916667  0.583333
   -3.203   -2.590    1.764    2.411    8.851   10.220   11.478   11.587   16.082   17.267
            0.000000  0.908333  0.591667
   -3.228   -2.569    1.745    2.464    8.705   10.203   11.580   11.697   15.977   17.209
            0.000000  0.900000  0.600000
   -3.251   -2.549    1.728    2.519    8.564   10.187   11.684   11.807   15.872   17.138
            0.000000  0.891667  0.608333
   -3.273   -2.531    1.711    2.576    8.426   10.171   11.788   11.918   15.765   17.057
            0.000000  0.883333  0.616667
   -3.294   -2.514    1.695    2.633    8.291   10.156   11.894   12.027   15.658   16.970
            0.000000  0.875000  0.625000
   -3.314   -2.498    1.679    2.691    8.162   10.142   12.001   12.136   15.549   16.877
            0.000000  0.866667  0.633333
   -3.332   -2.484    1.665    2.749    8.036   10.129   12.108   12.243   15.440   16.781
            0.000000  0.858333  0.641667
   -3.349   -2.471    1.652    2.807    7.916   10.116   12.215   12.349   15.330   16.682
            0.000000  0.850000  0.650000
   -3.365   -2.459    1.640    2.864    7.801   10.104   12.323   12.453   15.220   16.583
            0.000000  0.841667  0.658333
   -3.379   -2.448    1.628    2.920    7.693   10.094   12.431   12.554   15.110   16.485
            0.000000  0.833333  0.666667
   -3.393   -2.438    1.618    2.974    7.590   10.084   12.539   12.653   15.000   16.388
            0.000000  0.825000  0.675000
   -3.405   -2.429    1.609    3.026    7.495   10.075   12.647   12.747   14.891   16.294
            0.000000  0.816667  0.683333
   -3.415   -2.422    1.600    3.075    7.407   10.066   12.753   12.836   14.782   16.204
            0.000000  0.808333  0.691667
   -3.425   -2.415    1.593    3.120    7.328   10.059   12.859   12.920   14.675   16.120
            0.000000  0.800000  0.700000
   -3.433   -2.409    1.586    3.161    7.257   10.053   12.962   12.997   14.571   16.042
            0.000000  0.791667  0.708333
   -3.440   -2.405    1.581    3.197    7.196   10.048   13.061   13.065   14.470   15.972
            0.000000  0.783333  0.716667
   -3.446   -2.401    1.576    3.228    7.145   10.043   13.124   13.155   14.375   15.912
            0.000000  0.775000  0.725000
   -3.450   -2.398    1.573    3.252    7.104   10.040   13.172   13.240   14.289   15.863
            0.000000  0.766667  0.733333
   -3.454   -2.395    1.570    3.270    7.075   10.038   13.207   13.311   14.218   15.827
            0.000000  0.758333  0.741667
   -3.455   -2.394    1.569    3.281    7.058   10.036   13.229   13.359   14.170   15.805
            0.000000  0.750000  0.750000
   -3.456   -2.394    1.568    3.285    7.052   10.036   13.236   13.376   14.152   15.798
            0.000000  0.725000  0.725000
   -3.571   -2.270    1.500    3.373    7.134   10.554   12.976   13.087   13.814   15.508
            0.000000  0.700000  0.700000
   -3.699   -2.134    1.461    3.468    7.220   11.079   12.726   12.800   13.495   15.232
            0.000000  0.675000  0.675000
   -3.839   -1.986    1.448    3.569    7.311   11.595   12.488   12.519   13.206   14.970
            0.000000  0.650000  0.650000
   -3.988   -1.827    1.463    3.677    7.404   12.045   12.243   12.264   13.004   14.722
            0.000000  0.625000  0.625000
   -4.145   -1.656    1.504    3.790    7.497   11.973   12.055   12.211   13.101   14.490
            0.000000  0.600000  0.600000
   -4.308   -1.473    1.569    3.907    7.590   11.712   11.863   12.057   13.531   14.275
            0.000000  0.575000  0.575000
   -4.474   -1.279    1.657    4.029    7.679   11.458   11.690   11.819   14.048   14.076
            0.000000  0.550000  0.550000
   -4.643   -1.073    1.765    4.153    7.762   11.214   11.539   11.568   13.895   14.570
            0.000000  0.525000  0.525000
   -4.811   -0.855    1.892    4.280    7.835   10.978   11.318   11.411   13.733   15.062
            0.000000  0.500000  0.500000
   -4.978   -0.626    2.038    4.408    7.897   10.752   11.076   11.307   13.591   15.489
            0.000000  0.475000  0.475000
   -5.142   -0.385    2.199    4.537    7.944   10.535   10.843   11.230   13.470   15.808
            0.000000  0.450000  0.450000
   -5.303   -0.133    2.375    4.665    7.975   10.329   10.620   11.178   13.371   15.987
            0.000000  0.425000  0.425000
   -5.458    0.130    2.565    4.790    7.988   10.132   10.407   11.148   13.294   16.026
            0.000000  0.400000  0.400000
   -5.608    0.405    2.767    4.913    7.983    9.946   10.206   11.136   13.241   15.957
            0.000000  0.375000  0.375000
   -5.751    0.691    2.980    5.031    7.963    9.771   10.015   11.134   13.213   15.813
            0.000000  0.350000  0.350000
   -5.886    0.987    3.203    5.145    7.928    9.607    9.835   11.129   13.211   15.619
            0.000000  0.325000  0.325000
   -6.014    1.295    3.434    5.251    7.881    9.453    9.666   11.106   13.235   15.279
            0.000000  0.300000  0.300000
   -6.134    1.612    3.672    5.351    7.825    9.310    9.508   11.048   13.285   14.977
            0.000000  0.275000  0.275000
   -6.246    1.940    3.914    5.443    7.761    9.179    9.361   10.939   13.363   14.750
            0.000000  0.250000  0.250000
   -6.349    2.278    4.160    5.526    7.691    9.058    9.225   10.769   13.468   14.571
            0.000000  0.225000  0.225000
   -6.442    2.626    4.406    5.601    7.616    8.949    9.099   10.538   13.599   14.275
            0.000000  0.200000  0.200000
   -6.526    2.982    4.650    5.667    7.534    8.852    8.984   10.257   13.757   13.978
            0.000000  0.175000  0.175000
   -6.601    3.346    4.888    5.724    7.442    8.765    8.879    9.945   13.688   13.938
            0.000000  0.150000  0.150000
   -6.666    3.717    5.115    5.773    7.337    8.690    8.784    9.621   13.412   14.142
            0.000000  0.125000  0.125000
   -6.721    4.093    5.327    5.813    7.211    8.627    8.700    9.306   13.158   14.365
            0.000000  0.100000  0.100000
   -6.767    4.474    5.516    5.845    7.052    8.575    8.627    9.022   12.935   14.603
            0.000000  0.075000  0.075000
   -6.802    4.856    5.676    5.870    6.851    8.534    8.566    8.788   12.750   14.844
            0.000000  0.050000  0.050000
   -6.827    5.235    5.798    5.887    6.601    8.505    8.521    8.617   12.612   15.073
            0.000000  0.025000  0.025000
   -6.843    5.604    5.875    5.898    6.308    8.488    8.492    8.516   12.527   15.252
            0.000000  0.000000  0.000000
   -6.848    5.901    5.901    5.901    6.036    8.482    8.482    8.482   12.497   15.324
            0.016667  0.016667  0.016667
   -6.844    5.667    5.894    5.894    6.248    8.492    8.492    8.495   12.517   15.292
            0.033333  0.033333  0.033333
   -6.834    5.362    5.872    5.872    6.486    8.521    8.521    8.536   12.574   15.207
            0.050000  0.050000  0.050000
   -6.817    5.044    5.837    5.837    6.687    8.568    8.568    8.612   12.668   15.087
            0.066667  0.066667  0.066667
   -6.794    4.719    5.791    5.791    6.839    8.631    8.631    8.729   12.795   14.951
            0.083333  0.083333  0.083333
   -6.763    4.390    5.735    5.735    6.941    8.707    8.707    8.890   12.951   14.810
            0.100000  0.100000  0.100000
   -6.726    4.058    5.672    5.672    6.995    8.793    8.793    9.091   13.131   14.674
            0.116667  0.116667  0.116667
   -6.683    3.727    5.604    5.604    7.011    8.886    8.886    9.325   13.327   14.548
            0.133333  0.133333  0.133333
   -6.633    3.396    5.532    5.532    6.998    8.984    8.984    9.582   13.531   14.436
            0.150000  0.150000  0.150000
   -6.577    3.067    5.458    5.458    6.966    9.082    9.082    9.856   13.729   14.342
            0.166667  0.166667  0.166667
   -6.514    2.741    5.383    5.383    6.921    9.180    9.180   10.141   13.905   14.267
            0.183333  0.183333  0.183333
   -6.445    2.420    5.309    5.309    6.867    9.273    9.273   10.433   14.043   14.215
            0.200000  0.200000  0.200000
   -6.370    2.102    5.235    5.235    6.808    9.359    9.359   10.731   14.130   14.187
            0.216667  0.216667  0.216667
   -6.290    1.790    5.163    5.163    6.747    9.437    9.437   11.032   14.164   14.185
            0.233333  0.233333  0.233333
   -6.203    1.484    5.094    5.094    6.685    9.506    9.506   11.336   14.155   14.211
            0.250000  0.250000  0.250000
   -6.112    1.185    5.027    5.027    6.623    9.563    9.563   11.641   14.117   14.266
            0.266667  0.266667  0.266667
   -6.015    0.893    4.964    4.964    6.563    9.609    9.609   11.947   14.064   14.348
            0.283333  0.283333  0.283333
   -5.914    0.609    4.904    4.904    6.505    9.644    9.644   12.251   14.007   14.459
            0.300000  0.300000  0.300000
   -5.809    0.334    4.848    4.848    6.450    9.668    9.668   12.549   13.954   14.597
            0.316667  0.316667  0.316667
   -5.701    0.068    4.796    4.796    6.399    9.684    9.684   12.830   13.921   14.760
            0.333333  0.333333  0.333333
   -5.591   -0.187    4.747    4.747    6.351    9.692    9.692   13.074   13.932   14.947
            0.350000  0.350000  0.350000
   -5.479   -0.429    4.704    4.704    6.308    9.694    9.694   13.241   14.026   15.156
            0.366667  0.366667  0.366667
   -5.367   -0.659    4.664    4.664    6.268    9.691    9.691   13.314   14.224   15.384
            0.383333  0.383333  0.383333
   -5.257   -0.872    4.629    4.629    6.233    9.685    9.685   13.325   14.493   15.631
            0.400000  0.400000  0.400000
   -5.151   -1.069    4.599    4.599    6.202    9.677    9.677   13.309   14.799   15.893
            0.416667  0.416667  0.416667
   -5.052   -1.244    4.573    4.573    6.176    9.668    9.668   13.285   15.122   16.169
            0.433333  0.433333  0.433333
   -4.963   -1.396    4.552    4.552    6.154    9.660    9.660   13.261   15.455   16.455
            0.450000  0.450000  0.450000
   -4.887   -1.520    4.535    4.535    6.138    9.653    9.653   13.240   15.792   16.745
            0.466667  0.466667  0.466667
   -4.830   -1.613    4.524    4.524    6.126    9.647    9.647   13.224   16.128   17.029
            0.483333  0.483333  0.483333
   -4.793   -1.670    4.516    4.516    6.119    9.643    9.643   13.214   16.447   17.258
            0.500000  0.500000  0.500000
   -4.781   -1.690    4.514    4.514    6.116    9.642    9.642   13.210   16.639   17.070
            0.491667  0.516667  0.491667
   -4.779   -1.689    4.487    4.511    6.143    9.638    9.649   13.219   16.613   17.005
            0.483333  0.533333  0.483333
   -4.774   -1.688    4.412    4.501    6.217    9.625    9.670   13.246   16.535   16.877
            0.475000  0.550000  0.475000
   -4.765   -1.687    4.300    4.485    6.328    9.606    9.704   13.290   16.405   16.747
            0.466667  0.566667  0.466667
   -4.753   -1.685    4.163    4.463    6.463    9.581    9.751   13.346   16.234   16.636
            0.458333  0.583333  0.458333
   -4.738   -1.683    4.010    4.435    6.611    9.555    9.812   13.411   16.041   16.540
            0.450000  0.600000  0.450000
   -4.719   -1.681    3.847    4.402    6.765    9.529    9.884   13.479   15.842   16.458
            0.441667  0.616667  0.441667
   -4.696   -1.679    3.679    4.364    6.918    9.509    9.968   13.544   15.648   16.389
            0.433333  0.633333  0.433333
   -4.670   -1.677    3.509    4.322    7.064    9.499   10.063   13.594   15.466   16.337
            0.425000  0.650000  0.425000
   -4.641   -1.676    3.339    4.277    7.199    9.503   10.169   13.621   15.305   16.304
            0.416667  0.666667  0.416667
   -4.608   -1.676    3.171    4.229    7.317    9.526   10.284   13.613   15.169   16.298
            0.408333  0.683333  0.408333
   -4.572   -1.677    3.006    4.178    7.414    9.573   10.409   13.563   15.060   16.322
            0.400000  0.700000  0.400000
   -4.533   -1.680    2.845    4.126    7.487    9.647   10.542   13.470   14.975   16.344
            0.391667  0.716667  0.391667
   -4.490   -1.685    2.690    4.072    7.536    9.749   10.683   13.341   14.904   16.252
            0.383333  0.733333  0.383333
   -4.444   -1.692    2.541    4.017    7.563    9.876   10.831   13.185   14.840   16.164
            0.375000  0.750000  0.375000
   -4.395   -1.704    2.399    3.962    7.570   10.027   10.985   13.011   14.777   16.080
            0.366667  0.766667  0.366667
   -4.343   -1.719    2.266    3.907    7.561   10.196   11.145   12.826   14.713   16.000
            0.358333  0.783333  0.358333
   -4.288   -1.738    2.142    3.852    7.540   10.381   11.310   12.635   14.646   15.925
            0.350000  0.800000  0.350000
   -4.230   -1.762    2.028    3.798    7.510   10.576   11.479   12.442   14.578   15.856
            0.341667  0.816667  0.341667
   -4.169   -1.792    1.925    3.745    7.474   10.777   11.652   12.252   14.509   15.792
            0.333333  0.833333  0.333333
   -4.105   -1.828    1.832    3.693    7.433   10.975   11.827   12.074   14.440   15.735
            0.325000  0.850000  0.325000
   -4.039   -1.870    1.752    3.643    7.391   11.151   11.924   12.004   14.371   15.685
            0.316667  0.866667  0.316667
   -3.971   -1.918    1.684    3.594    7.347   11.252   11.856   12.181   14.304   15.643
            0.308333  0.883333  0.308333
   -3.901   -1.971    1.629    3.547    7.304   11.214   11.932   12.357   14.240   15.610
            0.300000  0.900000  0.300000
   -3.831   -2.030    1.586    3.502    7.261   11.081   12.107   12.530   14.180   15.588
            0.291667  0.916667  0.291667
   -3.759   -2.093    1.555    3.460    7.220   10.916   12.316   12.698   14.125   15.579
            0.283333  0.933333  0.283333
   -3.689   -2.158    1.536    3.419    7.181   10.740   12.535   12.858   14.080   15.584
            0.275000  0.950000  0.275000
   -3.620   -2.225    1.529    3.382    7.145   10.562   12.751   13.009   14.048   15.606
            0.266667  0.966667  0.266667
   -3.556   -2.289    1.532    3.347    7.111   10.384   12.951   13.147   14.039   15.648
            0.258333  0.983333  0.258333
   -3.500   -2.347    1.546    3.314    7.080   10.208   13.119   13.270   14.068   15.711
            0.250000  1.000000  0.250000
   -3.456   -2.394    1.568    3.285    7.052   10.036   13.236   13.376   14.152   15.798
            0.241667  1.000000  0.258333
   -3.455   -2.394    1.569    3.281    7.058   10.036   13.229   13.359   14.170   15.805
            0.233333  1.000000  0.266667
   -3.454   -2.395    1.570    3.270    7.075   10.038   13.207   13.311   14.218   15.827
            0.225000  1.000000  0.275000
   -3.450   -2.398    1.573    3.252    7.104   10.040   13.172   13.240   14.289   15.863
            0.216667  1.000000  0.283333
   -3.446   -2.401    1.576    3.228    7.145   10.043   13.124   13.155   14.375   15.912
            0.208333  1.000000  0.291667
   -3.440   -2.405    1.581    3.197    7.196   10.048   13.061   13.065   14.470   15.972
            0.200000  1.000000  0.300000
   -3.433   -2.409    1.586    3.161    7.257   10.053   12.962   12.997   14.571   16.042
            0.191667  1.000000  0.308333
   -3.425   -2.415    1.593    3.120    7.328   10.059   12.859   12.920   14.675   16.120
            0.183333  1.000000  0.316667
   -3.415   -2.422    1.600    3.075    7.407   10.066   12.753   12.836   14.782   16.204
            0.175000  1.000000  0.325000
   -3.405   -2.429    1.609    3.026    7.495   10.075   12.647   12.747   14.891   16.294
            0.166667  1.000000  0.333333
   -3.393   -2.438    1.618    2.974    7.590   10.084   12.539   12.653   15.000   16.388
            0.158333  1.000000  0.341667
   -3.379   -2.448    1.628    2.920    7.693   10.094   12.431   12.554   15.110   16.485
            0.150000  1.000000  0.350000
   -3.365   -2.459    1.640    2.864    7.801   10.104   12.323   12.453   15.220   16.583
            0.141667  1.000000  0.358333
   -3.349   -2.471    1.652    2.807    7.916   10.116   12.215   12.349   15.330   16.682
            0.133333  1.000000  0.366667
   -3.332   -2.484    1.665    2.749    8.036   10.129   12.108   12.243   15.440   16.781
            0.125000  1.000000  0.375000
   -3.314   -2.498    1.679    2.691    8.162   10.142   12.001   12.136   15.549   16.877
            0.116667  1.000000  0.383333
   -3.294   -2.514    1.695    2.633    8.291   10.156   11.894   12.027   15.658   16.970
            0.108333  1.000000  0.391667
   -3.273   -2.531    1.711    2.576    8.426   10.171   11.788   11.918   15.765   17.057
            0.100000  1.000000  0.400000
   -3.251   -2.549    1.728    2.519    8.564   10.187   11.684   11.807   15.872   17.138
            0.091667  1.000000  0.408333
   -3.228   -2.569    1.745    2.464    8.705   10.203   11.580   11.697   15.977   17.209
            0.083333  1.000000  0.416667
   -3.203   -2.590    1.764    2.411    8.851   10.220   11.478   11.587   16.082   17.267
            0.075000  1.000000  0.425000
   -3.177   -2.613    1.784    2.359    8.999   10.238   11.376   11.476   16.184   17.311
            0.066667  1.000000  0.433333
   -3.150   -2.637    1.804    2.309    9.150   10.255   11.277   11.366   16.286   17.338
            0.058333  1.000000  0.441667
   -3.122   -2.663    1.826    2.261    9.303   10.273   11.179   11.257   16.385   17.347
            0.050000  1.000000  0.450000
   -3.092   -2.690    1.848    2.215    9.458   10.291   11.083   11.149   16.482   17.337
            0.041667  1.000000  0.458333
   -3.061   -2.719    1.871    2.172    9.615   10.307   10.991   11.041   16.578   17.311
            0.033333  1.000000  0.466667
   -3.029   -2.750    1.895    2.132    9.773   10.322   10.902   10.936   16.670   17.270
            0.025000  1.000000  0.475000
   -2.995   -2.782    1.920    2.094    9.930   10.332   10.819   10.835   16.760   17.217
            0.016667  1.000000  0.483333
   -2.961   -2.815    1.945    2.059   10.083   10.336   10.741   10.745   16.847   17.155
            0.008333  1.000000  0.491667
   -2.925   -2.851    1.972    2.028   10.219   10.328   10.665   10.685   16.931   17.085
            0.000000  1.000000  0.500000
   -2.888   -2.888    1.999    1.999   10.303   10.303   10.645   10.645   17.010   17.010
            0.016667  0.983333  0.500000
   -2.995   -2.781    1.925    2.080   10.181   10.348   10.623   10.753   16.775   17.211
            0.033333  0.966667  0.500000
   -3.101   -2.676    1.860    2.168   10.043   10.278   10.724   10.886   16.508   17.377
            0.050000  0.950000  0.500000
   -3.206   -2.572    1.804    2.262    9.903   10.174   10.869   11.030   16.215   17.511
            0.066667  0.933333  0.500000
   -3.310   -2.470    1.759    2.361    9.764   10.067   11.028   11.179   15.904   17.617
            0.083333  0.916667  0.500000
   -3.412   -2.372    1.725    2.465    9.627    9.963   11.192   11.333   15.582   17.699
            0.100000  0.900000  0.500000
   -3.512   -2.278    1.703    2.573    9.492    9.865   11.362   11.490   15.253   17.761
            0.116667  0.883333  0.500000
   -3.609   -2.190    1.695    2.683    9.360    9.773   11.535   11.647   14.925   17.807
            0.133333  0.866667  0.500000
   -3.704   -2.108    1.701    2.797    9.229    9.689   11.711   11.801   14.604   17.838
            0.150000  0.850000  0.500000
   -3.795   -2.032    1.722    2.912    9.101    9.612   11.889   11.947   14.297   17.856
            0.166667  0.833333  0.500000
   -3.883   -1.964    1.758    3.028    8.973    9.543   12.069   12.074   14.018   17.859
            0.183333  0.816667  0.500000
   -3.968   -1.904    1.811    3.144    8.847    9.483   12.164   12.251   13.785   17.839
            0.200000  0.800000  0.500000
   -4.048   -1.852    1.880    3.260    8.721    9.431   12.188   12.433   13.630   17.764
            0.216667  0.783333  0.500000
   -4.126   -1.807    1.965    3.375    8.595    9.387   12.121   12.614   13.579   17.582
            0.233333  0.766667  0.500000
   -4.199   -1.771    2.065    3.488    8.468    9.353   11.969   12.792   13.629   17.331
            0.250000  0.750000  0.500000
   -4.268   -1.742    2.180    3.599    8.338    9.328   11.762   12.965   13.748   17.066
            0.266667  0.733333  0.500000
   -4.333   -1.719    2.309    3.706    8.206    9.313   11.531   13.131   13.911   16.812
            0.283333  0.716667  0.500000
   -4.394   -1.702    2.452    3.809    8.068    9.307   11.293   13.285   14.100   16.579
            0.300000  0.700000  0.500000
   -4.451   -1.690    2.606    3.907    7.925    9.310   11.058   13.421   14.306   16.375
            0.316667  0.683333  0.500000
   -4.503   -1.682    2.770    3.999    7.776    9.321   10.835   13.532   14.523   16.209
            0.333333  0.666667  0.500000
   -4.551   -1.678    2.944    4.085    7.619    9.341   10.626   13.609   14.749   16.092
            0.350000  0.650000  0.500000
   -4.594   -1.676    3.125    4.164    7.454    9.368   10.435   13.648   14.982   16.031
            0.366667  0.633333  0.500000
   -4.633   -1.676    3.313    4.236    7.281    9.401   10.264   13.645   15.218   16.029
            0.383333  0.616667  0.500000
   -4.668   -1.677    3.504    4.301    7.102    9.439   10.114   13.606   15.456   16.082
            0.400000  0.600000  0.500000
   -4.698   -1.679    3.697    4.357    6.918    9.480    9.986   13.542   15.693   16.181
            0.416667  0.583333  0.500000
   -4.723   -1.682    3.888    4.405    6.734    9.520    9.879   13.465   15.925   16.316
            0.433333  0.566667  0.500000
   -4.744   -1.684    4.071    4.444    6.555    9.559    9.792   13.386   16.146   16.475
            0.450000  0.550000  0.500000
   -4.760   -1.686    4.239    4.475    6.389    9.593    9.726   13.314   16.344   16.648
            0.466667  0.533333  0.500000
   -4.772   -1.688    4.381    4.497    6.249    9.620    9.679   13.258   16.502   16.825
            0.483333  0.516667  0.500000
   -4.779   -1.689    4.479    4.510    6.151    9.636    9.652   13.222   16.604   16.987
            0.500000  0.500000  0.500000
   -4.781   -1.690    4.514    4.514    6.116    9.642    9.642   13.210   16.639   17.070
            0.483333  0.508333  0.508333
   -4.779   -1.689    4.487    4.511    6.143    9.638    9.649   13.219   16.613   17.005
            0.466667  0.516667  0.516667
   -4.774   -1.688    4.412    4.501    6.217    9.625    9.670   13.246   16.535   16.877
            0.450000  0.525000  0.525000
   -4.765   -1.687    4.300    4.485    6.328    9.606    9.704   13.290   16.405   16.747
            0.433333  0.533333  0.533333
   -4.753   -1.685    4.163    4.463    6.463    9.581    9.751   13.346   16.234   16.636
            0.416667  0.541667  0.541667
   -4.738   -1.683    4.010    4.435    6.611    9.555    9.812   13.411   16.041   16.540
            0.400000  0.550000  0.550000
   -4.719   -1.681    3.847    4.402    6.765    9.529    9.884   13.479   15.842   16.458
            0.383333  0.558333  0.558333
   -4.696   -1.679    3.679    4.364    6.918    9.509    9.968   13.544   15.648   16.389
            0.366667  0.566667  0.566667
   -4.670   -1.677    3.509    4.322    7.064    9.499   10.063   13.594   15.466   16.337
            0.350000  0.575000  0.575000
   -4.641   -1.676    3.339    4.277    7.199    9.503   10.169   13.621   15.305   16.304
            0.333333  0.583333  0.583333
   -4.608   -1.676    3.171    4.229    7.317    9.526   10.284   13.613   15.169   16.298
            0.316667  0.591667  0.591667
   -4.572   -1.677    3.006    4.178    7.414    9.573   10.409   13.563   15.060   16.322
            0.300000  0.600000  0.600000
   -4.533   -1.680    2.845    4.126    7.487    9.647   10.542   13.470   14.975   16.344
            0.283333  0.608333  0.608333
   -4.490   -1.685    2.690    4.072    7.536    9.749   10.683   13.341   14.904   16.252
            0.266667  0.616667  0.616667
   -4.444   -1.692    2.541    4.017    7.563    9.876   10.831   13.185   14.840   16.164
            0.250000  0.625000  0.625000
   -4.395   -1.704    2.399    3.962    7.570   10.027   10.985   13.011   14.777   16.080
            0.233333  0.633333  0.633333
   -4.343   -1.719    2.266    3.907    7.561   10.196   11.145   12.826   14.713   16.000
            0.216667  0.641667  0.641667
   -4.288   -1.738    2.142    3.852    7.540   10.381   11.310   12.635   14.646   15.925
            0.200000  0.650000  0.650000
   -4.230   -1.762    2.028    3.798    7.510   10.576   11.479   12.442   14.578   15.856
            0.183333  0.658333  0.658333
   -4.169   -1.792    1.925    3.745    7.474   10.777   11.652   12.252   14.509   15.792
            0.166667  0.666667  0.666667
   -4.105   -1.828    1.832    3.693    7.433   10.975   11.827   12.074   14.440   15.735
            0.150000  0.675000  0.675000
   -4.039   -1.870    1.752    3.643    7.391   11.151   11.924   12.004   14.371   15.685
            0.133333  0.683333  0.683333
   -3.971   -1.918    1.684    3.594    7.347   11.252   11.856   12.181   14.304   15.643
            0.116667  0.691667  0.691667
   -3.901   -1.971    1.629    3.547    7.304   11.214   11.932   12.357   14.240   15.610
            0.100000  0.700000  0.700000
   -3.831   -2.030    1.586    3.502    7.261   11.081   12.107   12.530   14.180   15.588
            0.083333  0.708333  0.708333
   -3.759   -2.093    1.555    3.460    7.220   10.916   12.316   12.698   14.125   15.579
            0.066667  0.716667  0.716667
   -3.689   -2.158    1.536    3.419    7.181   10.740   12.535   12.858   14.080   15.584
            0.050000  0.725000  0.725000
   -3.620   -2.225    1.529    3.382    7.145   10.562   12.751   13.009   14.048   15.606
            0.033333  0.733333  0.733333
   -3.556   -2.289    1.532    3.347    7.111   10.384   12.951   13.147   14.039   15.648
            0.016667  0.741667  0.741667
   -3.500   -2.347    1.546    3.314    7.080   10.208   13.119   13.270   14.068   15.711
            0.000000  0.750000  0.750000
   -3.456   -2.394    1.568    3.285    7.052   10.036   13.236   13.376   14.152   15.798
            0.000000  0.758333  0.725000
   -3.490   -2.355    1.545    3.299    7.102   10.209   13.119   13.212   14.105   15.730
            0.000000  0.766667  0.700000
   -3.521   -2.319    1.528    3.286    7.199   10.388   12.949   12.955   14.156   15.720
           -0.000000  0.775000  0.675000
   -3.549   -2.285    1.518    3.249    7.339   10.571   12.658   12.734   14.249   15.759
           -0.000000  0.783333  0.650000
   -3.572   -2.254    1.516    3.193    7.518   10.758   12.347   12.487   14.361   15.836
           -0.000000  0.791667  0.625000
   -3.593   -2.226    1.520    3.123    7.730   10.946   12.035   12.217   14.482   15.940
            0.000000  0.800000  0.600000
   -3.610   -2.200    1.532    3.045    7.971   11.126   11.733   11.933   14.608   16.062
            0.000000  0.808333  0.575000
   -3.623   -2.179    1.550    2.962    8.235   11.220   11.525   11.641   14.737   16.196
            0.000000  0.816667  0.550000
   -3.633   -2.161    1.575    2.878    8.519   11.015   11.345   11.622   14.867   16.337
            0.000000  0.825000  0.525000
   -3.639   -2.148    1.607    2.797    8.819   10.721   11.051   11.815   14.997   16.480
            0.000000  0.833333  0.500000
   -3.642   -2.139    1.645    2.722    9.129   10.421   10.762   12.023   15.128   16.622
            0.000000  0.841667  0.475000
   -3.641   -2.137    1.690    2.653    9.437   10.122   10.491   12.239   15.258   16.759
            0.000000  0.850000  0.450000
   -3.636   -2.139    1.740    2.594    9.693    9.828   10.288   12.458   15.388   16.888
            0.000000  0.858333  0.425000
   -3.628   -2.148    1.796    2.544    9.539    9.698   10.350   12.679   15.518   17.006
            0.000000  0.866667  0.400000
   -3.617   -2.163    1.858    2.506    9.258    9.486   10.645   12.903   15.648   17.111
           -0.000000  0.875000  0.375000
   -3.602   -2.185    1.924    2.478    8.985    9.231   10.996   13.126   15.778   17.200
           -0.000000  0.883333  0.350000
   -3.583   -2.212    1.995    2.463    8.720    8.972   11.365   13.350   15.909   17.271
           -0.000000  0.891667  0.325000
   -3.561   -2.246    2.069    2.459    8.465    8.717   11.745   13.571   16.042   17.323
            0.000000  0.900000  0.300000
   -3.536   -2.285    2.147    2.465    8.221    8.468   12.131   13.790   16.178   17.355
            0.000000  0.908333  0.275000
   -3.507   -2.329    2.227    2.482    7.987    8.228   12.520   14.004   16.317   17.369
            0.000000  0.916667  0.250000
   -3.474   -2.378    2.308    2.508    7.767    7.998   12.910   14.213   16.460   17.366
            0.000000  0.925000  0.225000
   -3.438   -2.431    2.389    2.541    7.560    7.780   13.299   14.413   16.609   17.352
            0.000000  0.933333  0.200000
   -3.399   -2.488    2.469    2.580    7.369    7.575   13.681   14.604   16.764   17.330
            0.000000  0.941667  0.175000
   -3.357   -2.547    2.546    2.624    7.195    7.385   14.053   14.783   16.923   17.307
           -0.000000  0.950000  0.150000
   -3.312   -2.608    2.618    2.669    7.041    7.212   14.407   14.949   17.087   17.290
            0.000000  0.958333  0.125000
   -3.263   -2.670    2.683    2.714    6.908    7.056   14.732   15.100   17.252   17.288
            0.000000  0.966667  0.100000
   -3.212   -2.734    2.740    2.757    6.798    6.922   15.017   15.233   17.312   17.410
            0.000000  0.975000  0.075000
   -3.159   -2.797    2.787    2.794    6.714    6.810   15.245   15.347   17.370   17.552
            0.000000  0.983333  0.050000
   -3.103   -2.861    2.821    2.823    6.657    6.723   15.404   15.438   17.463   17.658
            0.000000  0.991667  0.025000
   -3.045   -2.923    2.841    2.841    6.630    6.663   15.494   15.498   17.574   17.702
            0.000000  1.000000  0.000000
   -2.985   -2.985    2.848    2.848    6.632    6.632   15.521   15.521   17.668   17.668
