halite_1.out 243.81
halite_3.out 3.02
halite_5.out 1.23
halite_7.out 1.09
halite_9.out 1.12
halite_11.out 1.13
 
halite_7_16_80.out 16.0000 80.0000 -5324.43
halite_7_26_130.out 26.0000 130.0000 -865.62
halite_7_36_180.out 36.0000 180.0000 -268.16
halite_7_46_230.out 46.0000 230.0000 -8.96
halite_7_56_280.out 56.0000 280.0000 4.31
halite_7_66_330.out 66.0000 330.0000 0.93
halite_7_76_380.out 76.0000 380.0000 4.39
halite_7_86_430.out 86.0000 430.0000 7.11
halite_7_96_480.out 96.0000 480.0000 7.84
halite_7_106_530.out 106.0000 530.0000 8.04
halite_7_116_580.out 116.0000 580.0000 7.83
halite_7_126_630.out 126.0000 630.0000 7.68
halite_7_136_680.out 136.0000 680.0000 7.96
halite_7_146_730.out 146.0000 730.0000 8.16
halite_7_156_780.out 156.0000 780.0000 8.08
halite_7_166_830.out 166.0000 830.0000 8.05
halite_7_176_880.out 176.0000 880.0000 8.08
halite_7_186_930.out 186.0000 930.0000 8.08
halite_7_196_980.out 196.0000 980.0000 8.06
halite_7_206_1030.out 206.0000 1030.0000 8.06

halite_7_90_180.out 90.0000 180.0000 9.11
halite_7_90_270.out 90.0000 270.0000 7.88
halite_7_90_360.out 90.0000 360.0000 7.43
halite_7_90_450.out 90.0000 450.0000 7.56
halite_7_90_540.out 90.0000 540.0000 7.70
halite_7_90_630.out 90.0000 630.0000 7.48
halite_7_90_720.out 90.0000 720.0000 7.65
halite_7_90_810.out 90.0000 810.0000 7.52
halite_7_90_900.out 90.0000 900.0000 7.61

halite_9_16_80.out 16.0000 80.0000 
halite_9_26_130.out 26.0000 130.0000 -864.67
halite_9_36_180.out 36.0000 180.0000 -269.77
halite_9_46_230.out 46.0000 230.0000 -8.91
halite_9_56_280.out 56.0000 280.0000 4.28
halite_9_66_330.out 66.0000 330.0000 0.96
halite_9_76_380.out 76.0000 380.0000 4.36
halite_9_86_430.out 86.0000 430.0000 7.10
halite_9_96_480.out 96.0000 480.0000 7.82
halite_9_106_530.out 106.0000 530.0000 8.03

halite_5_16_80.out 16.0000 80.0000 
halite_5_26_130.out 26.0000 130.0000 -866.90
halite_5_36_180.out 36.0000 180.0000 -271.25
halite_5_46_230.out 46.0000 230.0000 -8.41
halite_5_56_280.out 56.0000 280.0000 4.41
halite_5_66_330.out 66.0000 330.0000 1.07
halite_5_76_380.out 76.0000 380.0000 4.48
halite_5_86_430.out 86.0000 430.0000 7.17
halite_5_96_480.out 96.0000 480.0000 7.85
halite_5_106_530.out 106.0000 530.0000 7.99
halite_7_16_80.out 16.0000 80.0000 -5324.43
halite_7_26_130.out 26.0000 130.0000 -865.62
halite_7_36_180.out 36.0000 180.0000 -268.16
halite_7_90_180.out 90.0000 180.0000 9.11
halite_7_46_230.out 46.0000 230.0000 -8.96
halite_7_90_270.out 90.0000 270.0000 7.88
halite_7_56_280.out 56.0000 280.0000 4.31
halite_7_66_330.out 66.0000 330.0000 0.93
halite_7_90_360.out 90.0000 360.0000 7.43
halite_7_76_380.out 76.0000 380.0000 4.39
halite_7_86_430.out 86.0000 430.0000 7.11
halite_7_90_450.out 90.0000 450.0000 7.56
halite_7_96_480.out 96.0000 480.0000 7.84
halite_7_106_530.out 106.0000 530.0000 8.04
halite_7_90_540.out 90.0000 540.0000 7.70
halite_7_116_580.out 116.0000 580.0000 7.83
halite_7_126_630.out 126.0000 630.0000 7.68
halite_7_90_630.out 90.0000 630.0000 7.48
halite_7_136_680.out 136.0000 680.0000 7.96
halite_7_90_720.out 90.0000 720.0000 7.65
halite_7_146_730.out 146.0000 730.0000 8.16
halite_7_156_780.out 156.0000 780.0000 8.08
halite_7_90_810.out 90.0000 810.0000 7.52
halite_7_166_830.out 166.0000 830.0000 8.05
halite_7_176_880.out 176.0000 880.0000 8.08
halite_7_90_900.out 90.0000 900.0000 7.61
halite_7_186_930.out 186.0000 930.0000 8.08
halite_7_196_980.out 196.0000 980.0000 8.06
halite_7_206_1030.out 206.0000 1030.0000 8.06
halite_5_16_80.out 16.0000 80.0000 -5335.24
halite_5_26_130.out 26.0000 130.0000 -866.90
halite_5_36_180.out 36.0000 180.0000 -271.25
halite_5_46_230.out 46.0000 230.0000 -8.41
halite_5_56_280.out 56.0000 280.0000 4.41
halite_5_66_330.out 66.0000 330.0000 1.07
halite_5_76_380.out 76.0000 380.0000 4.48
halite_5_86_430.out 86.0000 430.0000 7.17
halite_5_96_480.out 96.0000 480.0000 7.85
halite_5_106_530.out 106.0000 530.0000 7.99
halite_9_16_80.out 16.0000 80.0000 -5326.21
halite_9_26_130.out 26.0000 130.0000 -864.67
halite_9_36_180.out 36.0000 180.0000 -269.77
halite_9_46_230.out 46.0000 230.0000 -8.91
halite_9_56_280.out 56.0000 280.0000 4.28
halite_9_66_330.out 66.0000 330.0000 0.96
halite_9_76_380.out 76.0000 380.0000 4.36
halite_9_86_430.out 86.0000 430.0000 7.10
halite_9_96_480.out 96.0000 480.0000 7.82
halite_9_106_530.out 106.0000 530.0000 8.03
